100
410823732922679281
936236339149455664
334790499583500303
477570915375368989
395204572393205004
326634728506400852
377173116526025406
675559030973895049
256
2
497306601714693820
2097152
928978383333904769
987435663196486390
7094316023638197
340698092407936279
39440863707604748
61779814216016549
109938662136445891
812874939468485521
274996415379040823
808523936188608320
3
720757713287829982
49459074825548025
201538255905410564
359783363236154186
206129396213100136
354099263910865828
961115104170385685
591810249673663628
412370081259798518
117220963719662320
453751005741312802
941404612828651892
297864274946000642
273683183860415855
36535250299645137
993463779531707811
937151940462967161
140317742872387479
652976369962768322
618149968765506136
681666366780154336
306787278490008498
10
77850677753860748
335245944722194972
112873052763746059
159605036624853105
887238206753561273
506413000022538882
505542298379141410
65536
219058446662145138
321180779445138530
928848338298108803
957487415494940378
90787412918440670
655345116283355559
910837082084577025
933440554823222104
944011726660658545
566283616346803999
935513295698745830
900536344278961805
150261397638731557
66657548042891463
162369463529054324
955459045557606871
27126971699862565
564766243803769500
790551166411031753
451447759525526912
168264757633346632
724329982859808617
576460752303423488
979109590382651812
29313297837198332
999594504173588142
465706834533100275
958418892993067942
996245194541408112
324334828248108386
764813219318600556
385676872608475393
736379880437241867
857960333905090303
985447587605401377
64
1
936762532443644675
709456027402721168
410603383238071274
372521395985866817
4398046511104
17518080267720162
990626975610737098
934056056595954715
188887575821258982
