100
81305
81950
99359
25747
23947
19424
8
4147
4029
73158
98360
27204
97814
87720
92788
85153
80961
10
80652
67508
1404
88116
98000
75126
32773
97355
53966
8135
41514
86665
2
62915
63216
14253
10015
75504
88215
93170
1
20015
94570
97933
36173
10853
92567
99401
12753
96988
36392
63784
11144
27375
65864
9712
57496
93962
1
9194
38489
95030
76219
3686
58453
99230
256
90241
82838
80167
31017
51291
27769
64463
86116
89086
40978
50547
64
50889
5440
128
95653
41769
36094
93359
78098
44677
32768
99828
43919
3938
3
97236
37146
59807
88321
92677
90812
90272
48902
39113
